[[387.74083781   0.         171.37931373]
 [  0.         396.03023531 144.81502435]
 [  0.           0.           1.        ]].           1.        ]]
Vecteurs de rotation:
[array([[-0.23029435],
       [-0.34074129],
       [-1.58108796]]), array([[-0.30956442],
       [-0.37906506],
       [-0.04130079]]), array([[-0.48846497],
       [-0.083411  ],
       [ 0.00161179]]), array([[-0.43183531],
       [-0.25507002],
       [-0.02074837]]), array([[-0.36226751],
       [-0.08484077],
       [-0.02295261]]), array([[-0.36140424],
       [-0.30001182],
       [-0.0303197 ]]), array([[-0.36741039],
       [-0.1762921 ],
       [-0.00452044]]), array([[-0.53924531],
       [-0.03585903],
       [-0.01557551]])]
Vecteurs de translation:
[array([[-4.92488482],
       [ 2.53276982],
       [20.85104088]]), array([[-1.60860786],
       [-3.31136887],
       [22.91056218]]), array([[-5.75633256],
       [-2.67755618],
       [23.41531378]]), array([[-3.60460006],
       [-2.82933043],
       [23.46403778]]), array([[-5.14682504],
       [-3.18648968],
       [22.97214456]]), array([[-1.9712252 ],
       [-2.04632322],
       [23.50705275]]), array([[-3.41498355],
       [-2.50692261],
       [22.79450875]]), array([[-4.29186588],
       [-3.46142038],
       [23.47895521]])]
